state={
	id=5
	name="STATE_5"
	provinces={
		26 28 38 76 173 222 231 244 269 286 303 340 443 487 526 566 698 735 875 894 897 906 916 939 996 1023 1059 1070 1171 1228 1342 1413 1472 1623 1653 1797 1808 1856 1864 1890 1893 1900 2104 2131 2168 2171 2262 2270 2437 2664 2766 2768 2890 2978 3026 3106 3221 3237 3260 3278 3354 3408 3413 3447 3463 3474
	}
	history={
		owner = SOV
		buildings = {
			infrastructure = 1
			industrial_complex = 1
		}
		add_core_of = SOV
	}
	manpower=323000
	state_category = town
	local_supplies = 0.0
}
